Station No.	Lat		Lon
1 34.291868 -117.877169
2 34.365273 -118.066922
3 34.506752 -118.117580
4 34.664724 -118.247727
5 34.655900 -118.432335
6 34.746639 -118.628010
7 34.592290 -118.754415
8 34.741529 -118.964550
9 34.614357 -119.007871
10 34.503257 -119.009917
11 34.439688 -119.039765
12 34.232163 -118.979797
13 34.188210 -119.123347
14 34.134935 -119.052351
15 34.106064 -118.897116
16 34.082469 -118.796602
17 34.087285 -118.642738
18 34.078067 -118.560370
19 34.078067 -118.560370
20 33.875700 -118.042680
21 34.018694 -117.877224
22 34.149689 -118.110828
23 34.238339 -118.088565
24 34.305727 -117.926719
25 34.546246 -117.746546
26 34.730547 -117.688925
27 34.859171 -117.812202
28 34.837702 -118.459503
29 34.882756 -118.891519
30 34.798924 -119.356243
31 34.353806 -118.367045
32 34.560582 -117.994678
33 34.401694 -118.787734
34 34.251172 -118.918108
35 34.232151 -118.678227
36 33.977691 -118.269516
37 34.087713 -117.963139
38 33.780134 -117.969826